[231.62686 162.5918 ]
[260.33798 163.47543]
[288.43167 163.89218]
[316.54144 164.41142]
[344.48746 165.02783]
[372.3559  165.70735]
[399.93213 166.44846]
[230.51382 187.82808]
[259.47943 188.53755]
[288.16602 188.60725]
[316.66373 189.26038]
[345.19672 189.66925]
[373.48578 190.48007]
[401.44318 191.31801]
[229.12743 213.60518]
[258.42505 214.04486]
[287.6404  214.58401]
[316.69543 215.31657]
[345.54276 215.80112]
[374.4516  216.45387]
[403.10873 216.75716]
[227.65308 240.59564]
[257.60098 241.23102]
[287.39783 242.02945]
[316.71442 242.62083]
[346.18317 243.1628 ]
[375.41507 243.44342]
[404.55746 243.5076 ]
[226.3252  268.67566]
[256.63293 269.3809 ]
[286.74188 269.9089 ]
[316.95563 270.4351 ]
[346.59427 270.5815 ]
[376.54355 271.30246]
[406.1254  271.56317]
[224.6986  297.68698]
[255.66666 298.14417]
[286.4524 298.4842]
[317.23593 298.76492]
[347.4813  299.40955]
[377.60394 299.55142]
[407.70132 300.10788]
[223.33519 328.00198]
[254.6047  328.38513]
[286.05267 328.5024 ]
[317.3739  328.62628]
[348.2569  328.90363]
[378.8226  329.35123]
[409.44974 329.5211 ]
